2.053730
5.533924
7.942521
1.539379
8.866013
9.913167
1.742355
3.967847
6.728626
0.964327
5.545080
3.394489
6.370754
6.988811
5.248034
9.345834
0.823456
5.959246
1.920942
5.321057
2.851432
9.165556
1.226461
9.484073
7.471270
2.426016
4.223471
5.612182
1.655139
5.454559
5.961683
3.708869
0.988483
3.904204
5.248247
9.854496
3.817372
6.990602
3.822342
0.545998
7.954929
9.367422
3.940487
4.325684
6.356234
9.188521
3.671517
7.179690
5.147768
5.592460
2.500747
7.999199
4.758016
3.727208
7.483272
2.229285
6.153224
1.706743
7.841467
7.808363
7.161303
3.803150
1.517232
8.149786
7.707354
6.765479
8.004282
1.524726
3.756081
1.826624
2.070723
1.711010
1.194046
6.011210
6.036693
7.550280
5.199732
9.708210
4.729970
0.347499
5.300670
7.230717
8.346699
0.058685
0.957925
5.829971
2.287970
7.111149
7.536714
0.129437
4.919513
4.698017
3.932586
6.436744
2.847803
1.639940
3.202223
0.852085
3.164666
6.958303
2.678709
5.235390
8.669312
3.872755
1.246600
4.706006
1.423035
6.446332
4.414216
6.153006
6.793831
9.714886
3.383722
5.140530
9.773570
4.341647
0.970501
2.061540
1.452797
8.507215
2.190977
6.372309
3.205232
6.123563
2.809053
6.053035
7.763503
6.011276
6.905119
0.928169
2.969579
9.583828
6.163558
1.638892
3.456583
7.410159
6.344898
4.879618
3.856490
0.759114
1.032624
0.650321
0.473999
4.416346
5.790851
0.247569
8.757993
6.761351
2.309109
0.210790
5.268566
4.500086
6.583099
8.473798
0.623649
9.392153
4.526832
8.387152
5.403428
1.431952
9.315321
8.373008
1.015779
5.478880
0.011900
4.472362
2.889038
6.356797
9.351980
6.745528
7.115911
0.384604
7.395849
7.589910
4.800950
3.186699
7.837479
3.558943
9.948050
0.146588
3.769733
5.216616
4.646673
0.352832
3.690413
5.270322
9.744984
8.217246
3.657474
5.148413
9.649198
2.972795
3.521420
0.664977
8.451674
3.533319
5.137339
1.340712
9.890117
4.489319
8.086241
7.006028
4.873923
5.482089
4.595937
9.674872
8.668788
2.433416
3.233815
8.616838
2.580004
7.003548
3.833455
7.226677
7.356380
7.523868
2.496999
7.101364
5.741114
6.154473
2.249776
5.390311
9.127268
5.771196
6.055288
7.578941
9.304516
1.192626
8.919655
9.194633
5.681946
7.005895
6.200660
0.555869
2.487984
0.796597
0.230741
1.156772
3.230013
3.464557
9.773611
5.810017
0.468104
3.607065
3.036694
7.824484
1.130934
5.533693
4.925848
6.872048
1.688165
7.175624
2.262359
0.815433
2.946820
8.317647
8.394374
2.251336
9.510273
7.314029
1.445968
5.192219
4.319923
7.646628
5.748088
6.807907
8.443225
5.978828
7.964680
1.673238
9.443385
7.738290
7.483255
9.911489
1.345356
0.519949
7.735973
2.476290
6.053641
2.661822
9.348337
7.741807
9.837445
1.610696
8.557240
2.784266
9.928343
6.951613
5.035602
9.438617
4.265642
6.481569
4.630836
8.585566
4.128198
0.378923
5.393473
2.571423
6.357751
3.358152
4.244661
5.801137
1.096442
1.727916
5.712626
2.441798
2.247865
3.448601
4.918088
8.301506
6.110422
4.266425
6.043313
5.947868
5.877122
4.600552
8.732134
5.805464
1.552165
3.767736
5.244081
5.817807
0.249306
9.874917
4.403373
4.377503
0.253840
9.796845
6.948926
6.611591
3.154997
1.193587
2.412728
4.251440
2.921503
8.125355
6.693238
5.169368
1.573955
1.611326
3.470874
7.684378
5.877751
9.514187
3.632246
1.754873
4.114739
2.364380
7.560338
5.666904
6.132116
2.804419
1.484711
6.381421
2.679336
5.888084
0.758924
2.933175
5.684929
7.707850
9.544766
8.839927
8.901437
1.957495
3.091367
1.822940
0.082850
9.784605
6.992307
1.656805
1.395931
0.463182
9.341182
7.273683
9.977368
2.973428
9.028555
4.092108
5.337808
6.588893
9.759012
1.469923
9.393312
1.243724
7.851344
2.072647
7.131808
8.610269
5.005822
2.816737
6.318119
4.550588
1.656664
5.219555
6.508083
4.748030
7.042496
6.590933
4.532635
4.034803
8.247737
5.928566
4.497985
7.588920
3.202248
4.475353
0.562348
2.230803
8.567461
5.900155
8.819696
8.326473
7.370079
8.213007
9.570197
5.221423
0.285654
6.702004
3.831692
5.291476
9.518742
0.149811
9.842064
1.175405
5.369367
6.350147
5.923435
2.411862
2.941080
0.456070
6.446665
1.188817
6.384635
0.944649
8.777737
9.586884
5.420003
9.340084
1.817687
3.987464
5.240240
0.637383
2.313937
2.610318
8.850390
1.884134
7.831741
9.136045
8.586139
1.663433
4.427521
8.104879
1.813244
4.269585
9.280285
7.182611
0.619732
5.203720
9.594473
3.560812
5.659790
6.041138
4.749629
2.044425
6.985786
3.527366
1.631309
2.405790
2.867450
3.448995
6.393254
8.107690
4.086378
8.707191
0.718008
2.936769
0.591326
8.549749
2.072813
9.177464
0.213183
6.500334
7.282344
2.026427
0.769919
6.562629
9.209038
1.389651
1.766348
8.803511
4.950463
7.426138
4.844648
9.700092
9.470563
1.830435
3.227458
1.101871
4.236225
6.094908
4.550867
0.629478
4.202597
8.637245
9.336670
4.920605
1.574013
9.927996
3.470354
3.646827
9.105459
3.683537
0.147161
6.387804
5.709965
0.917080
2.950432
4.919003
2.306731
4.716781
3.722514
7.257195
2.142919
8.567163
6.957286
1.613481
0.397597
0.184744
2.715353
4.633821
6.279651
7.266219
5.263300
0.482248
5.903463
4.599969
5.402853
7.477477
4.527965
8.873207
1.124304
3.633424
2.556745
1.271465
0.021227
8.266709
2.188545
2.971660
3.185713
4.495275
7.688440
6.908226
1.752470
9.831359
5.475388
8.709756
1.444840
5.872985
8.894500
4.160192
0.506807
5.174151
1.426411
5.770106
5.656399
7.329875
0.370076
1.059252
4.807352
4.898040
9.932459
5.931655
8.531465
2.489204
7.203120
8.552691
0.755914
9.391665
1.524351
3.941626
3.886940
9.212791
0.849853
5.639410
9.044150
6.325241
4.349166
0.488990
2.198226
3.243667
4.649182
2.705033
8.417817
6.075593
8.475140
4.074216
3.405468
8.845215
5.133469
8.212820
3.743255
5.065928
4.144475
2.274720
7.555131
1.347595
0.827411
8.311045
0.739260
2.351762
2.252671
4.626200
1.564553
3.102524
0.265610
0.608703
9.427765
4.614777
1.097693
1.625991
7.858443
5.746876
4.331024
6.276260
1.822469
2.806163
0.350477
5.227937
1.651379
5.483946
3.440757
5.394634
0.549873
7.585232
7.669353
8.105004
8.932827
8.496765
6.416049
9.672087
0.848527
8.668720
4.298287
2.413080
1.771244
4.563897
3.021784
1.199009
9.178674
4.119477
2.825001
7.037117
9.866353
7.156025
3.313377
1.688822
9.962189
3.663855
6.916759
1.613567
9.147800
0.357517
7.008201
9.697674
7.942749
4.677555
7.802678
6.875576
3.174319
4.218727
6.547663
4.022846
2.887447
0.845950
6.435926
4.658691
5.409846
9.457710
5.857701
4.588520
3.577187
8.682701
1.625636
3.443540
5.838726
4.939013
5.132362
5.800915
8.602868
2.049122
7.414482
7.750669
2.406638
4.422683
7.448342
0.349387
9.100238
5.251019
7.224963
2.274557
9.469747
3.772626
6.297403
2.357194
4.618575
2.733330
7.015886
0.028422
2.191040
2.873586
4.616941
5.768228
1.556288
6.242578
9.211767
7.395014
1.181591
4.344130
3.195929
9.784459
6.393251
0.610411
7.535128
8.799890
5.033094
4.983470
9.149277
4.133332
0.234490
6.374240
6.407889
9.704236
0.146866
2.705293
2.061430
4.765441
5.438623
9.077316
4.793863
7.629663
1.950902
9.410804
3.397890
3.507190
5.653381
2.609658
0.902205
6.834972
6.953788
4.098134
6.619432
3.347039
4.708545
4.154560
2.146929
9.741639
9.138030
1.296206
3.874972
9.372519
7.670446
0.282861
9.076756
7.817312
2.988154
1.138186
2.582753
8.426777
0.215503
7.376616
6.056439
2.166405
6.787420
9.454329
5.673595
2.440802
2.063988
6.575800
9.275774
9.017776
0.673934
5.895206
2.364815
5.382479
0.049766
4.511744
5.124118
9.187796
5.807950
8.999089
8.560315
3.478396
9.281951
7.637071
1.295708
2.270104
8.775257
3.878461
0.696880
8.990760
1.255078
6.753320
1.157165
8.042498
6.207649
6.830760
0.483299
8.271637
3.406560
9.759074
7.289412
4.080494
5.654280
9.654228
9.462973
5.704046
4.165973
4.587090
4.891842
9.973923
3.586180
3.452157
3.452319
2.868130
1.089228
4.748028
5.138235
9.864486
8.626489
5.835114
8.855246
9.881567
2.588434
0.012411
7.924065
8.796083
6.843171
8.407364
7.067721
0.249732
8.166438
4.357133
4.330225
3.820717
4.011362
3.793198
9.524763
8.177334
8.380289
4.416605
8.151257
1.966469
7.868762
1.603576
4.834599
8.957990
6.351604
9.972834
8.822475
4.978093
5.807949
7.677721
4.859660
8.396383
7.690132
2.783724
7.192466
4.533303
1.191088
4.260187
4.783034
9.357526
8.617321
9.113260
3.178243
2.628682
2.906458
2.703006
0.806016
1.286747
7.119611
8.957273
3.253216
4.988373
0.560849
8.087815
3.946362
6.912453
8.060650
2.768837
1.890546
3.868598
0.446558
6.750206
2.264981
8.136690
9.533931
9.457447
2.669993
0.725018
3.717634
7.453027
0.082544
2.334954
6.566287
3.260787
4.963636
9.472746
5.963793
5.769652
0.759493
3.083405
4.726925
4.012709
8.071777
5.287775
2.100524
2.018140
2.200228
0.161174
4.786977
4.090774
4.029772
5.233535
0.840980
6.294753
3.370225
0.374910
5.752199
6.040218
1.099928
9.469833
3.493246
1.182473
1.804788
0.059533
4.443260
6.768424
9.532279
0.407054
2.538076
0.291772
3.490458
7.265001
4.304480
1.562235
2.552776
6.405005
3.580375
4.753004
6.566179
8.367352
8.843777
0.595951
3.600887
9.684757
6.890703
6.971113
0.059667
2.642903
3.011331
1.159596
2.112736
6.504578
2.342069
3.917524
6.564111
6.785328
0.685948
6.096389
7.192382
3.224024
6.388161
0.682840
0.489025
0.692641
2.245076
3.041801
7.097646
5.825451
7.794805
3.663825
4.192803
6.638582
4.259775
7.793691
6.323339
1.150479
4.764803
6.383006
3.793381
7.776134
7.542602
5.906117
4.280712
9.884670
9.823641
0.844822
6.669999
0.509589
6.941212
3.862381
3.733613
3.329373
4.545222
4.222638
4.022014
6.790298
7.264439
1.119660
2.615749
5.059243
4.783484
6.808552
1.697825
9.043260
4.602242
8.021165
0.193738
9.367045
4.404171
3.987120
7.143180
1.946773
9.893237
1.423892
1.831443
9.716879
2.268714
8.501443
0.226468
9.209927
2.363824
3.960081
2.539299
6.909046
8.182718
6.561313
3.699344
5.447158
7.680974
6.315093
0.506401
2.464458
3.123644
2.204226
1.507718
7.725887
0.225390
1.701456
7.092932
4.629560
5.688576
4.236112
6.576334
5.581813
5.660004
8.407777
5.298693
7.928719
6.909219
5.525160
7.138645
9.273044
9.485241
9.677944
6.182089
7.667960
6.239257
9.881433
3.115117
3.920231
6.196526
3.621518
6.384688
9.320170
5.825744
7.892406
7.046057
6.051134
9.593862
4.138988
0.680695
5.282438
8.375100
7.257028
0.864251
4.035105
5.664805
6.162944
1.963823
2.574024
1.688104
9.102468
1.847067
1.173345
8.780413
8.029157
8.841305
5.019670
7.910590
1.956422
8.939900
4.107116
5.577940
5.324588
3.427286
1.403683
3.216994
0.473342
7.454817
2.810856
4.612331
8.135511
8.093294
2.987432
5.392541
8.957546
7.022536
1.057345
5.120490
8.986360
3.631370
6.808593
8.088828
5.478437
7.981939
6.869240
3.507594
6.823244
1.888910
1.418183
8.779666
0.828810
5.525299
4.357605
6.153399
8.952584
5.761289
9.370393
9.425927
3.216106
2.181250
4.038258
1.351618
0.274544
7.025689
6.744159
9.232090
4.048225
7.801504
4.352579
3.034585
1.432874
1.161173
1.123413
6.911311
9.143111
7.992654
0.418904
5.966355
9.881564
1.837087
4.746021
0.710375
7.362386
9.103626
6.863773
6.314970
4.864916
6.234167
5.740897
8.081022
8.415417
9.779155
9.432640
8.689960
6.804843
6.176799
7.922050
0.853069
3.978303
2.274629
3.887655
5.411177
3.435802
5.011068
2.322487
2.578913
3.003722
2.741391
8.545268
2.885286
4.578479
3.291290
3.595661
1.940865
2.394916
0.459435
8.255836
7.259831
6.693602
3.996732
5.340853
5.109019
3.775887
4.773493
3.798979
0.580730
0.950292
1.721030
1.433799
4.928595
3.995659
5.321454
0.339772
7.431460
0.332522
2.662259
0.010374
3.336244
5.403650
8.555642
6.221530
9.982129
1.846932
9.817191
1.922994
4.241848
0.276625
0.178829
1.501680
6.970227
4.175561
6.842533
2.079245
7.951447
1.616026
5.878224
8.532178
2.566318
7.599254
9.965977
7.494913
1.594913
5.287431
7.834685
9.026373
5.619953
0.496944
9.036747
8.956196
5.900594
7.592389
5.177726
5.882723
9.439321
4.994916
7.805717
3.681168
5.271542
7.984546
5.182848
2.241768
2.160107
2.025381
4.321013
0.111555
3.641407
0.199238
8.643733
6.207726
7.798491
8.609710
3.702638
9.393405
3.897141
1.537323
8.419778
9.517094
2.034267
7.456525
8.473290
7.934861
5.048913
3.651016
3.817583
4.488234
8.645933
1.623300
8.169402
3.917475
9.607846
3.352251
6.159243
1.767953
5.377631
0.480257
1.879508
9.019039
0.679495
0.523240
5.226764
8.477986
9.132950
8.929402
7.871391
3.030090
0.466725
6.291169
2.547184
2.500992
3.747694
1.020474
0.435853
8.796607
4.671490
4.253436
3.284842
3.317423
5.876737
1.454244
7.234897
5.484582
4.806494
3.394140
7.252535
0.184126
3.874396
9.132043
9.203165
4.553891
9.655283
4.429928
3.031877
8.788232
3.359330
0.903268
1.818323
3.826056
7.194438
4.365507
6.327048
0.942131
5.385981
6.762901
9.738738
0.057470
1.016337
3.023579
3.374893
6.893073
4.477823
0.609790
2.377656
9.284317
4.003930
9.630192
9.468443
7.878326
8.762234
8.671608
2.432217
8.417517
3.101536
5.464095
7.205749
6.460866
6.367363
9.024072
0.286923
3.561800
3.389578
6.613971
4.503931
8.775558
3.376872
4.242669
8.833029
4.393209
7.266248
2.207922
1.286282
1.744071
2.817712
3.663938
1.028389
6.821641
3.294129
0.496832
4.699967
2.056363
9.168440
7.132185
0.473880
2.269976
2.596279
7.679629
8.730843
8.963643
6.703701
9.017765
2.525443
0.093279
5.631736
7.029374
8.868838
9.008608
1.272042
7.701867
3.401817
8.538290
9.909788
4.688099
0.282361
2.727500
8.352037
1.310750
9.549141
1.646167
1.807582
4.249109
3.702530
0.976022
1.381294
4.176411
3.245998
3.977573
1.856040
1.976841
2.941216
8.559740
0.994607
5.466659
8.653020
6.626343
2.496032
7.521858
5.634951
3.768074
5.223724
9.036768
2.306364
5.133512
3.724867
2.588725
7.861013
2.076904
3.899474
7.410154
3.723071
5.707057
1.659262
7.425601
6.683078
3.040556
1.602012
9.929076
7.018129
3.458051
1.905918
9.959345
2.017792
2.900524
5.426003
0.670811
9.526867
7.922035
8.192669
5.161818
1.690109
3.416393
4.198586
3.996473
8.549906
7.923452
6.585198
6.410918
0.000357
0.484673
3.821072
3.723428
6.191730
5.480335
1.149029
2.874807
8.520890
2.751041
2.803884
5.539020
6.209093
4.709802
5.498364
8.226885
7.610326
0.924368
8.897696
7.137193
8.846403
7.090364
2.299011
0.536512
0.506758
6.497597
4.532985
9.056664
4.421049
1.118183
5.467582
4.421405
1.602856
9.288654
8.144834
7.794585
4.768989
9.293862
0.669392
3.289880
2.044904
3.473276
8.828899
8.253996
8.183078
4.327264
6.480881
5.793404
5.251632
5.378577
2.930597
4.098035
2.468942
5.229608
4.634547
2.975700
1.727204
9.167532
2.032364
6.148253
0.285715
7.499947
0.569659
1.888571
6.788601
8.714492
9.683155
1.557591
8.008354
0.352547
4.847470
0.053258
3.825823
3.676370
8.307255
2.008901
8.003634
4.788136
7.802305
3.255266
0.166713
0.732901
7.353301
2.635655
5.962509
1.987848
5.611355
7.689713
1.155379
7.643720
3.837967
1.441094
5.143667
4.407626
3.329664
1.932268
3.122117
3.012820
3.489859
1.130471
3.365367
8.337330
1.183730
7.191190
2.013700
9.490985
9.200091
0.017334
4.279120
7.002396
3.272600
4.445833
7.735297
0.625901
7.081488
3.697806
2.613748
2.692843
1.387520
3.769127
0.336563
5.225487
5.210221
5.480229
9.633112
8.539886
7.412498
2.755229
1.552705
0.902357
3.885701
4.918072
9.239686
5.069430
2.109262
1.253386
4.560414
1.309353
1.270719
8.839535
8.311749
4.543319
3.285368
6.047046
5.169220
0.366856
9.744853
7.782969
3.059699
1.132372
1.552096
3.396262
6.357859
6.762317
8.876492
5.990971
5.302202
6.288989
8.746200
6.854907
7.191346
2.631900
1.772979
6.431032
7.701331
3.882241
7.684417
2.261745
5.191594
8.955136
1.101280
3.503343
3.498456
4.386648
9.550389
8.667676
4.753504
9.295242
6.450644
7.813203
0.427614
8.002740
1.209465
6.785473
4.765057
0.085957
2.776444
0.067260
6.374946
1.522644
6.922166
3.566292
4.154544
8.695146
9.997324
1.855875
2.577386
7.681741
4.117620
7.768980
6.636878
5.218900
1.272322
0.135334
9.605548
0.822712
8.803010
4.359052
0.117954
5.253654
2.172255
0.545568
3.256395
3.381720
7.331041
8.021452
3.467677
0.107485
8.088712
9.842623
1.630129
5.010879
3.408915
5.784673
3.706023
3.406239
7.640547
6.283409
1.087980
1.758167
4.052388
7.724858
6.977067
5.324711
7.860192
6.582615
6.147422
6.663202
0.941667
6.265376
1.916856
3.113922
6.810944
5.173251
6.495642
4.141985
3.194703
9.963319
4.249471
1.283415
9.805942
5.879600
6.294293
3.214856
1.664273
0.000316
6.621094
9.304820
6.283725
7.709074
1.062987
0.336113
5.433932
8.040054
5.660824
3.294124
4.622670
1.808246
9.957326
5.564337
8.073622
1.874182
8.678259
4.884567
7.047433
5.173902
9.026552
0.242136
5.137220
3.276023
1.525551
4.943161
9.155622
7.819844
8.158017
0.819895
7.820160
4.779112
0.124715
4.103886
2.488186
1.187702
4.439999
7.922119
9.227757
0.100823
1.216243
3.850427
1.909069
1.173569
9.414764
9.982691
3.047751
8.093023
4.867258
0.095184
3.266924
3.893810
0.337321
8.404144
7.169833
1.862872
3.347305
6.325455
9.682716
1.505322
7.145350
7.502877
6.284434
7.270065
1.606763
8.772620
8.457767
6.046762
6.694739
7.685525
6.147584
7.910982
1.535951
8.056653
9.084551
0.950715
8.039344
2.132302
9.043739
2.906601
2.227486
2.310663
6.800411
2.564807
0.714807
3.970244
4.427679
4.062113
0.295699
4.110395
5.567435
7.441049
1.613273
1.851869
4.711115
3.220036
0.624490
3.168882
9.266797
7.319229
0.854407
5.414382
5.230211
2.390358
3.471035
4.314762
3.341074
1.510379
6.447063
2.384812
4.416980
8.674550
4.695476
1.217391
1.239357
5.410283
5.187635
5.667036
9.472395
5.483334
9.777431
5.039830
2.924383
1.390705
6.891699
7.635498
4.610740
7.516189
0.804380
3.877537
4.835418
1.658787
9.291919
0.065629
4.049145
2.762954
4.380390
7.390219
4.273333
0.827454
9.775031
8.690311
9.502004
4.470507
9.907702
0.741361
9.880790
5.095338
6.408397
9.353185
0.578671
6.185829
4.393014
3.503054
7.576533
1.284714
1.138551
2.187274
8.800903
1.942931
6.064811
3.636321
3.601718
5.356730
3.701950
7.650864
8.119684
8.082340
5.041082
2.393016
8.909794
4.816113
1.083328
8.411798
9.286621
0.991031
9.153159
9.167410
6.086369
5.561556
8.520595
6.665040
1.747385
2.913609
0.168094
9.323918
4.198323
1.306646
1.511192
2.999226
3.249577
7.576003
6.635547
6.851295
2.932733
0.337497
4.502159
1.052417
8.419837
9.543241
3.445433
7.329631
4.359354
4.528762
5.741429
3.645975
5.519794
4.894588
2.813385
1.606163
0.456144
1.333979
8.271203
2.203529
4.247589
8.439297
1.527447
8.445911
9.745943
3.038639
1.445137
2.995520
0.614642
8.080685
9.846815
3.547375
8.418180
4.348973
4.599792
6.838017
3.892214
8.045226
4.167649
8.251569
2.573987
9.909078
1.897544
8.093781
4.803666
4.710929
9.699944
5.259810
6.044909
7.971146
7.463339
0.292497
6.410444
8.990786
8.738408
6.156386
2.029425
0.183546
9.151906
2.644067
8.264230
8.998721
6.191442
6.682411
3.347695
0.791235
3.520429
7.239909
8.836461
7.688078
5.491478
1.410448
7.597156
7.389021
9.504230
2.400822
2.099951
9.204173
7.660632
8.144859
7.175319
5.123971
8.437356
3.585763
4.114757
7.175765
9.742149
6.144182
7.359310
8.894054
8.788250
5.623541
7.892776
4.979692
2.305952
1.240471
5.770926
5.826381
8.480379
4.607387
3.514459
3.971857
6.017835
1.111615
1.360879
5.522065
3.512436
3.460830
4.726237
1.173068
1.605689
1.901556
6.297039
0.043046
5.487319
0.411796
7.218811
5.229468
6.555978
4.578122
4.123523
5.344227
0.201662
2.016299
0.323919
2.507614
3.256770
6.094845
8.333995
1.737150
0.702232
1.848454
5.709007
6.720067
2.960069
7.069886
2.242131
6.472506
0.530715
6.968369
7.645573
2.136405
8.869925
3.942612
2.179451
4.357244
4.354408
9.398262
9.586712
0.910386
3.976383
3.710235
6.254613
4.178046
5.726534
6.578531
6.685660
8.983305
2.673376
5.019655
0.720454
3.375608
6.868109
6.429461
0.095675
9.828177
3.499347
2.337806
6.300683
4.030062
9.306174
3.946256
6.166467
8.176100
7.888868
8.345918
2.533343
2.243276
7.744179
2.120055
3.153662
1.720563
5.830290
9.408275
5.898609
1.556824
5.986806
2.584268
0.540129
8.660182
7.603923
1.260583
2.035790
4.472032
7.690044
2.131465
4.300209
1.189391
4.469272
0.600892
5.219452
3.775446
4.547147
1.385919
1.951546
2.436015
9.731837
4.484889
4.679291
7.476016
6.604944
7.832952
9.196579
2.435235
7.241228
5.095187
3.992059
3.228034
7.679456
4.532188
1.888216
5.283379
5.792771
3.924006
9.755410
3.482815
6.055472
4.055620
4.672206
0.524743
4.656511
9.891659
4.300189
9.203659
1.277578
6.251735
1.639674
1.009415
0.736624
6.318965
8.485431
7.341568
4.151918
7.682010
9.776803
1.393146
2.777198
3.768862
4.621180
0.456654
8.301050
6.509396
5.740033
4.093822
0.433402
5.495443
7.576637
6.488874
9.551064
2.248842
7.013618
4.207575
2.140501
1.313807
3.411234
3.418079
7.565542
5.050908
4.427494
8.302167
1.369874
2.912925
5.643735
5.521792
0.594935
5.420539
6.914939
3.372133
9.189401
1.536118
3.828786
7.490451
8.045514
9.568819
1.584272
8.478917
5.064262
9.160909
4.967791
4.615325
1.409751
1.981408
8.822901
3.550252
3.295216
2.234135
6.968331
0.860758
7.285044
1.395824
9.162925
8.654918
4.308749
4.806661
4.176710
4.903684
0.227199
1.091648
8.275816
9.416600
2.627766
2.104603
6.907051
0.673281
1.673422
8.491323
9.152197
6.737684
7.652233
4.119988
1.353010
9.061984
6.101397
0.175910
2.612236
9.396612
2.410045
9.580567
0.257370
9.695089
0.976392
9.420296
8.350006
5.285141
4.226956
2.526716
0.188825
4.454155
3.618364
8.464642
3.870755
6.246130
0.569244
0.777807
6.919411
2.242666
9.269131
6.071609
8.980350
6.921363
0.191597
0.333359
5.983347
6.292994
0.509270
8.595584
5.689606
2.919315
8.176151
5.946977
2.614404
9.152543
5.367272
0.964410
4.437684
9.594228
3.491125
4.626509
4.048383
7.109489
3.091151
7.919138
3.355619
3.660395
8.696945
0.275030
